let v4 = Ipv4Addr::new(127, 0, 0, 1);
let addr: SocketAddr = SocketAddr::V4(SocketAddrV4::new(v4, 54321));

let namespace: &'static Namespace =
    unsafe { &*core::ptr::addr_of!(bindings::init_net).cast() };

let mut socket = core::ptr::null_mut();

let (pf, addr, addrlen) = match addr {
    SocketAddr::V4(addr) => (
        bindings::PF_INET,
        &addr as *const _ as _,
        core::mem::size_of::<sockaddr_in>(),
    ),
    _ => panic!("ipv6 not supported"),
};
to_result(unsafe {
    bindings::sock_create_kern(
        namespace.0.get(),
        pf as _,
        bindings::sock_type_SOCK_STREAM as _,
        bindings::IPPROTO_TCP as _,
        &mut socket,
    )
})?;

to_result(unsafe {
    bindings::kernel_connect(socket, addr, addrlen as _, bindings::O_RDWR as _)
})?;
let mut buf: [u8; 10] = [69; 10];
let mut msg = bindings::msghdr {
    msg_flags: bindings::MSG_DONTWAIT,
    ..bindings::msghdr::default()
};
let mut vec = bindings::kvec {
    iov_base: buf.as_ptr() as *mut u8 as _,
    iov_len: buf.len(),
};

let r = unsafe { bindings::kernel_sendmsg(socket, &mut msg, &mut vec, 1, vec.iov_len) };


buffer: [1, 0, 0, 0, 232, 127, 0, 0, 16, 233, 160, 137, 232, 127, 0, 0, 224, 95, 248, 26, 255, 127, 0, 0, 124, 220, 130, 153, 232, 127, 0, 0, 1, 0, 0, 0, 232, 127, 0, 0, 0, 224, 160, 137, 232, 127, 0, 0, 0, 96, 248, 26, 255, 127, 0, 0, 124, 220, 130, 153, 232, 127, 0, 0, 1, 0, 0, 0, 232, 127, 0, 0, 224, 165, 115, 138, 232, 127, 0, 0, 32, 96, 248, 26, 255, 127, 0, 0, 124, 220, 130, 153, 232, 127, 0, 0, 1, 0, 0, 0, 232, 127, 0, 0, 192, 160, 115, 138, 232, 127, 0, 0, 64, 96, 248, 26, 255, 127, 0, 0, 124, 220, 130, 153, 232, 127, 0, 0, 1, 0, 0, 0, 232, 127, 0, 0, 160, 155, 115, 138, 232, 127, 0, 0, 96, 96, 248, 26, 255, 127, 0, 0, 124, 220, 130, 153, 232, 127, 0, 0, 1, 0, 0, 0, 232, 127, 0, 0, 128, 150, 115, 138, 232, 127, 0, 0, 128, 96, 248, 26, 255, 127, 0, 0, 124, 220, 130, 153, 232, 127, 0, 0, 1, 0, 0, 0, 232, 127, 0, 0, 112, 144, 115, 138, 232, 127, 0, 0, 160, 96, 248, 26, 255, 127, 0, 0, 124, 220, 130, 153, 232, 127, 0, 0, 1, 0, 0, 0, 232, 127, 0, 0, 128, 106, 214, 139, 232, 127, 0, 0, 192, 96, 248, 26, 255, 127, 0, 0, 124, 220, 130, 153, 232, 127, 0, 0, 1, 0, 0, 0, 232, 127, 0, 0, 48, 98, 214, 139, 232, 127, 0, 0, 224, 96, 248, 26, 255, 127, 0, 0, 124, 220, 130, 153, 232, 127, 0, 0, 1, 0, 0, 0, 232, 127, 0, 0, 16, 93, 214, 139, 232, 127, 0, 0, 0, 97, 248, 26, 255, 127, 0, 0, 124, 220, 130, 153, 232, 127, 0, 0, 1, 0, 0, 0, 232, 127, 0, 0, 128, 86, 214, 139, 232, 127, 0, 0, 32, 97, 248, 26, 255, 127, 0, 0, 124, 220, 130, 153, 232, 127, 0, 0, 1, 0, 0, 0, 232, 127, 0, 0, 0, 80, 214, 139, 232, 127, 0, 0, 64, 97, 248, 26, 255, 127, 0, 0, 124, 220, 130, 153, 232, 127, 0, 0, 1, 0, 0, 0, 232, 127, 0, 0, 128, 136, 214, 139, 232, 127, 0, 0, 96, 97, 248, 26, 255, 127, 0, 0, 124, 220, 130, 153, 232, 127, 0, 0, 1, 0, 0, 0, 232, 127, 0, 0, 192, 130, 214, 139, 232, 127, 0, 0, 128, 97, 248, 26, 255, 127, 0, 0, 124, 220, 130, 153, 232, 127, 0, 0, 1, 0, 0, 0, 232, 127, 0, 0, 224, 124, 214, 139, 232, 127, 0, 0, 160, 97, 248, 26, 255, 127, 0, 0, 124, 220, 130, 153, 232, 127, 0, 0, 1, 0, 0, 0, 232, 127, 0, 0, 32, 117, 214, 139, 232, 127, 0, 0, 192, 97, 248, 26, 255, 127, 0, 0, 124, 220, 130, 153, 232, 127, 0, 0, 1, 0, 0, 0, 232, 127, 0, 0, 0, 112, 214, 139, 232, 127, 0, 0, 224, 97, 248, 26, 255, 127, 0, 0, 124, 220, 130, 153, 232, 127, 0, 0, 1, 0, 0, 0, 232, 127, 0, 0, 128, 166, 214, 139, 232, 127, 0, 0, 0, 98, 248, 26, 255, 127, 0, 0, 124, 220, 130, 153, 232, 127, 0, 0, 1, 0, 0, 0, 232, 127, 0, 0, 96, 161, 214, 139, 232, 127, 0, 0, 32, 98, 248, 26, 255, 127, 0, 0, 124, 220, 130, 153, 232, 127, 0, 0, 1, 0, 0, 0, 232, 127, 0, 0, 38, 84, 123, 15, 46, 86, 0, 0, 64, 98, 248, 26, 255, 127, 0, 0, 38, 84, 123, 15, 46, 86, 0, 0, 1, 0, 0, 0, 232, 127, 0, 0, 24, 101, 248, 26, 255, 127, 0, 0, 31, 0, 0, 0, 0, 0, 0, 0, 24, 101, 248, 26, 255, 127, 0, 0, 32, 0, 0, 0, 0, 0, 0, 0, 32, 0, 0, 0, 0, 0, 0, 0, 84, 102, 248, 26, 255, 127, 0, 0, 176, 189, 121, 15, 46, 86, 0, 0, 160, 6, 127, 15, 46, 86, 0, 0, 215, 102, 123, 15, 46, 86, 0, 0, 0, 0, 0, 0, 0, 0, 0, 0, 24, 101, 248, 26, 255, 127, 0, 0, 32, 0, 0, 0, 0, 0, 0, 0, 32, 0, 0, 0, 0, 0, 0, 0, 84, 102, 248, 26, 255, 127, 0, 0, 38, 84, 123, 15, 46, 86, 0, 0, 160, 6, 127, 15, 46, 86, 0, 0, 138, 145, 125, 15, 46, 86, 0, 0, 224, 98, 248, 26, 255, 127, 0, 0, 24, 101, 248, 26, 255, 127, 0, 0, 152, 100, 248, 26, 255, 127, 0, 0, 0, 0, 0, 0, 0, 0, 0, 0, 248, 248, 126, 15, 46, 86, 0, 0, 128, 100, 248, 26, 255, 127, 0, 0, 0, 0, 0, 0, 0, 0, 0, 0, 215, 102, 123, 15, 46, 86, 0, 0, 176, 189, 121, 15, 46, 86, 0, 0, 64, 100, 248, 26, 255, 127, 0, 0, 152, 100, 248, 26, 255, 127, 0, 0, 38, 84, 123, 15, 46, 86, 0, 0, 0, 0, 17, 0, 0, 0, 0, 0, 24, 101, 248, 26, 255, 127, 0, 0, 8, 0, 0, 0, 0, 0, 0, 0, 24, 101, 248, 26, 255, 127, 0, 0, 8, 102, 248, 26, 255, 127, 0, 0, 216, 250, 126, 15, 46, 86, 0, 0, 152, 100, 248, 26, 255, 127, 0, 0, 34, 67, 123, 15, 46, 86, 0, 0, 0, 0, 0, 0, 0, 0, 0, 0, 32, 4, 127, 15, 46, 86, 0, 0, 80, 48, 127, 15, 46, 86, 0, 0, 72, 48, 127, 15, 46, 86, 0, 0, 80, 48, 127, 15, 46, 86, 0, 0, 1, 0, 0, 0, 0, 0, 0, 0, 0, 0, 0, 0, 0, 0, 0, 0, 68, 194, 125, 15, 46, 86, 0, 0, 64, 48, 127, 15, 46, 86, 0, 0, 146, 84, 123, 15, 46, 86, 0, 0, 152, 100, 248, 26, 255, 127, 0, 0, 0, 0, 0, 0, 0, 0, 0, 0, 72, 48, 127, 15, 46, 86, 0, 0, 24, 101, 248, 26, 255, 127, 0, 0, 8, 102, 248, 26, 255, 127, 0, 0, 184, 251, 126, 15, 46, 86, 0, 0, 152, 100, 248, 26, 255, 127, 0, 0, 16, 0, 0, 0, 0, 0, 0, 0, 16, 0, 0, 0, 0, 0, 0, 0, 215, 102, 123, 15, 46, 86, 0, 0, 184, 251, 126, 15, 46, 86, 0, 0, 16, 0, 0, 0, 0, 0, 0, 0, 8, 102, 248, 26, 255, 127, 0, 0, 184, 251, 126, 15, 46, 86, 0, 0, 152, 100, 248, 26, 255, 127, 0, 0, 16, 0, 0, 0, 0, 0, 0, 0, 16, 0, 0, 0, 0, 0, 0, 0, 251, 131, 125, 15, 46, 86, 0, 0, 216, 101, 248, 26, 255, 127, 0, 0, 0, 0, 0, 0, 0, 0, 0, 0, 1, 0, 0, 0, 232, 127, 0, 0, 0, 0, 0, 0, 0, 0, 0, 0, 128, 100, 248, 26, 255, 127, 0, 0, 24, 101, 248, 26, 255, 127, 0, 0, 160, 6, 127, 15, 46, 86, 0, 0, 32, 0, 0, 0, 0, 0, 0, 0, 3, 100, 248, 26, 255, 127, 0, 0, 216, 101, 248, 26, 255, 127, 0, 0, 0, 0, 0, 0, 0, 0, 0, 0, 38, 84, 123, 15, 46, 86, 0, 0, 128, 233, 99, 136, 232, 127, 0, 0, 64, 48, 127, 15, 46, 86, 0, 0, 0, 0, 0, 0, 0, 0, 0, 0, 248, 102, 248, 26, 255, 127, 0, 0, 0, 0, 0, 0, 0, 0, 0, 0, 3, 51, 126, 15, 46, 86, 0, 0, 160, 6, 127, 15, 46, 86, 0, 0, 120, 102, 248, 26, 255, 127, 0, 0, 2, 0, 0, 0, 0, 0, 0, 0, 215, 102, 123, 15, 46, 86, 0, 0, 192, 102, 123, 15, 46, 86, 0, 0, 0, 167, 57, 26, 212, 32, 94, 144, 0, 0, 17, 0, 0, 0, 0, 0, 248, 102, 248, 26, 255, 127, 0, 0, 182, 1, 0, 0, 0, 0, 0, 0, 248, 102, 248, 26, 255, 127, 0, 0, 216, 103, 248, 26, 255, 127, 0, 0, 176, 248, 126, 15, 46, 86, 0, 0, 120, 102, 248, 26, 255, 127, 0, 0, 2, 0, 8, 0, 0, 0, 0, 0, 8, 102, 248, 26, 255, 127, 0, 0, 152, 178, 123, 15, 46, 86, 0, 0, 240, 101, 248, 26, 255, 127, 0, 0, 216, 103, 248, 26, 255, 127, 0, 0, 8, 102, 248, 26, 255, 127, 0, 0, 0, 0, 0, 0, 0, 0, 0, 0, 16, 104, 248, 26, 255, 127, 0, 0, 17, 0, 0, 0, 0, 0, 0, 0, 16, 104, 248, 26, 255, 127, 0, 0, 65, 66, 123, 15, 46, 86, 0, 0, 0, 0, 0, 0, 5, 0, 0, 0, 0, 0, 0, 0, 0, 0, 0, 0, 0, 0, 0, 0, 0, 0, 0, 0, 8, 102, 248, 26, 255, 127, 0, 0, 17, 0, 0, 0, 0, 0, 0, 0, 47, 100, 101, 118, 47, 114, 117, 115, 116, 95, 99, 108, 105, 101, 110, 116, 0, 0, 0, 0, 0, 0, 0, 0, 16, 0, 0, 0, 0, 0, 0, 0, 215, 102, 123, 15, 46, 86, 0, 0, 176, 248, 126, 15, 46, 86, 0, 0, 16, 0, 0, 0, 0, 0, 0, 0, 216, 103, 248, 26, 255, 127, 0, 0, 176, 248, 126, 15, 46, 86, 0, 0, 120, 102, 248, 26, 255, 127, 0, 0, 16, 0, 0, 0, 0, 0, 0, 0, 16, 0, 0, 0, 0, 0, 0, 0, 251, 131, 125, 15, 46, 86, 0, 0, 16, 104, 248, 26, 255, 127, 0, 0, 0, 0, 0, 0, 0, 0, 0, 0, 66, 0, 0, 0, 0, 0, 0, 0, 0, 0, 0, 0, 0, 0, 0, 0, 8, 0, 0, 0, 0, 0, 0, 0, 248, 102, 248, 26, 255, 127, 0, 0, 160, 6, 127, 15, 46, 86, 0, 0, 32, 0, 0, 0, 0, 0, 0, 0, 3, 0, 0, 0, 0, 0, 0, 0, 16, 104, 248, 26, 255, 127, 0, 0, 0, 0, 0, 0, 0, 0, 0, 0, 0, 0, 0, 0, 0, 0, 0, 0, 128, 233, 99, 136, 232, 127, 0, 0, 64, 48, 127, 15, 46, 86, 0, 0, 16, 104, 248, 26, 255, 127, 0, 0, 246, 81, 123, 15, 46, 86, 0, 0, 64, 48, 127, 15, 46, 86, 0, 0, 240, 102, 248, 26, 255, 127, 0, 0, 0, 0, 0, 0, 0, 0, 0, 0, 16, 104, 248, 26, 255, 127, 0, 0, 217, 146, 23, 0, 0, 0, 0, 0, 0, 0, 0, 0, 0, 0, 0, 0, 216, 103, 248, 26, 255, 127, 0, 0, 21, 90, 123, 15, 46, 86, 0, 0, 0, 192, 18, 0, 0, 0, 0, 0, 64, 48, 127, 15, 46, 86, 0, 0, 16, 244, 125, 15, 46, 86, 0, 0, 6, 0, 0, 0, 0, 0, 0, 0, 56, 103, 248, 26, 255, 127, 0, 0, 176, 103, 248, 26, 255, 127, 0, 0, 112, 103, 248, 26, 255, 127, 0, 0, 0, 167, 57, 26, 212, 32, 94, 144, 0, 0, 0, 0, 0, 0, 0, 0, 3, 0, 0, 0, 0, 0, 0, 0, 3, 0, 0, 0, 0, 0, 0, 0, 3, 0, 0, 0, 0, 0, 0, 0, 217, 146, 23, 0, 0, 0, 0, 0, 45, 65, 123, 15, 46, 86, 0, 0, 3, 0, 0, 0, 0, 0, 0, 0, 209, 150, 121, 15, 46, 86, 0, 0, 128, 103, 248, 26, 5, 0, 0, 0, 5, 0, 0, 0, 255, 127, 0, 0, 192, 176, 125, 15, 46, 86, 0, 0, 217, 146, 23, 0, 0, 0, 128, 129, 160, 103, 248, 26, 4, 0, 0, 0, 0, 0, 0, 0, 5, 0, 0, 0, 80, 177, 125, 15, 46, 86, 0, 0, 184, 103, 248, 26, 255, 127, 0, 0, 1, 0, 0, 0, 0, 0, 0, 0, 16, 104, 248, 26, 255, 127, 0, 0, 1, 0, 0, 0, 0, 0, 0, 0, 217, 146, 23, 0, 0, 0, 128, 129, 0, 0, 0, 0, 0, 0, 0, 0, 217, 146, 23, 0, 0, 0, 0, 0, 216, 103, 248, 26, 255, 127, 0, 0, 1, 0, 0, 0, 0, 0, 0, 0, 0, 0, 0, 0, 0, 0, 0, 0, 32, 0, 0, 0, 12, 0, 0, 0, 3, 0, 0, 0, 0, 0, 0, 0, 0, 0, 0, 0, 1, 0, 0, 0, 0, 0, 0, 0, 0, 0, 0, 0, 0, 192, 18, 0, 0, 0, 0, 0, 0, 0, 0, 0, 0, 0, 0, 0, 0, 0, 0, 0, 232, 127, 0, 0, 64, 104, 248, 26, 255, 127, 0, 0, 217, 146, 23, 0, 0, 0, 0, 0, 8, 105, 248, 26, 255, 127, 0, 0, 48, 124, 141, 255, 63, 0, 0, 0, 0, 192, 130, 134, 232, 127, 0, 0, 0, 192, 18, 0, 0, 0, 0, 0, 0, 0, 0, 0, 1, 0, 0, 0, 0, 0, 0, 0, 0, 32, 1, 0, 0, 0, 0, 0, 0, 0, 0, 0, 0, 0, 0, 0, 0, 0, 0, 0, 0, 0, 0, 0, 0, 0, 0, 0, 0, 0, 0, 0, 0, 0, 0, 0, 0, 0, 0, 0, 0, 0, 0, 0, 0, 0, 0, 0, 1, 0, 0, 0, 0, 0, 0, 0, 0, 0, 0, 0, 0, 192, 18, 0, 0, 0, 0, 0, 0, 0, 0, 0, 0, 0, 0, 0, 3, 0, 0, 0, 3, 0, 0, 0, 0, 0, 0, 0, 0, 0, 0, 0, 69, 69, 69, 69, 69, 69, 69, 69, 69, 69, 69, 69, 69, 69, 69, 69, 69, 69, 69, 69, 69, 69, 69, 69, 69, 69, 69, 69, 69, 69, 69, 69, 69, 69, 69, 69, 69, 69, 69, 69, 69, 69, 69, 69, 69, 69, 69, 69, 69, 69, 69, 69, 69, 69, 69, 69, 69, 69, 69, 69, 69, 69, 69, 69, 69, 69, 69, 69, 69, 69, 69, 69, 69, 69, 69, 69, 69, 69, 69, 69, 69, 69, 69, 69, 69, 69, 69, 69, 69, 69, 69, 69, 69, 69, 69, 69, 69, 69, 69, 69, 69, 69, 69, 69, 69, 69, 69, 69, 69, 69, 69, 69, 69, 69, 69, 69, 69, 69, 69, 69, 69, 69, 69, 69, 69, 69, 69, 69, 69, 69, 69, 69, 69, 69, 69, 69, 69, 69, 69, 69, 69, 69, 69, 69, 69, 69, 69, 69, 69, 69, 69, 69, 69, 69, 69, 69, 69, 69, 69, 69, 69, 69, 69, 69, 69, 69, 69, 69, 69, 69, 69, 69, 69, 69, 69, 69, 69, 69, 69, 69, 69, 69, 69, 69, 69, 69, 69, 69, 69, 69, 69, 69, 69, 69, 69, 69, 69, 69, 69, 69, 69, 69, 69, 69, 69, 69, 69, 69, 69, 69, 69, 69, 69, 69, 69, 69, 69, 69, 69, 69, 69, 69, 69, 69, 69, 69, 69, 69, 69, 69, 69, 69, 69, 69, 69, 69, 69, 69, 69, 69, 69, 69, 69, 69, 69, 69, 69, 69, 69, 69, 69, 69, 69, 69, 69, 69, 69, 69, 69, 69, 69, 69, 69, 69, 69, 69, 69, 69, 69, 69, 69, 69, 69, 69, 69, 69, 69, 69, 69, 69, 69, 69, 69, 69, 69, 69, 69, 69, 69, 69, 69, 69, 69, 69, 69, 69, 69, 69, 69, 69, 69, 69, 69, 69, 69, 69, 69, 69, 69, 69, 69, 69, 69, 69, 69, 69, 69, 69, 69, 69, 69, 69, 69, 69, 69, 69, 69, 69, 69, 69, 69, 69, 69, 69, 69, 69, 69, 69, 69, 69, 69, 69, 69, 69, 69, 69, 69, 69, 69, 69, 69, 69, 69, 69, 69, 69, 69, 69, 69, 69, 69, 69, 69, 69, 69, 69, 69, 69, 69, 69, 69, 69, 69, 69, 69, 69, 69, 69, 69, 69, 69, 69, 69, 69, 69, 69, 69, 69, 69, 69, 69, 69, 69, 69, 69, 69, 69, 69, 69, 69, 69, 69, 69, 69, 69, 69, 69, 69, 69, 69, 69, 69, 69, 69, 69, 69, 69, 69, 69, 69, 69, 69, 69, 69, 69, 69, 69, 69, 69, 69, 69, 69, 69, 69, 69, 69, 69, 69, 69, 69, 69, 69, 69, 69, 69, 69, 69, 69, 69, 69, 69, 69, 69, 69, 69, 69, 69, 69, 69, 69, 69, 69, 69, 69, 69, 69, 69, 69, 69, 69, 69, 69, 69, 69, 69, 69, 69, 69, 69, 69, 69, 69, 69, 69, 69, 69, 69, 69, 69, 69, 69, 69, 69, 69, 69, 69, 69, 69, 69, 69, 69, 69, 69, 69, 69, 69, 69, 69, 69, 69, 69, 69, 69, 69, 69, 69, 69, 69, 69, 69, 69, 69, 69, 69, 69, 69, 69, 69, 69, 69, 69, 69, 69, 69, 69, 69, 69, 69, 69, 69, 69, 69, 69, 69, 69, 69, 69, 69, 69, 69, 69, 69, 69, 69, 69, 69, 69, 69, 69, 69, 69, 69, 69, 69, 69, 69, 69, 69, 69, 69, 69, 69, 69, 69, 69, 69, 69, 69, 69, 69, 69, 69, 69, 69, 69, 69, 69, 69, 69, 69, 69, 69, 69, 69, 69, 69, 69, 69, 69, 69, 69, 69, 69, 69, 69, 69, 69, 69, 69, 69, 69, 69, 69, 69, 69, 69, 69, 69, 69, 69, 69, 69, 69, 69, 69, 69, 69, 69, 69, 69, 69, 69, 69, 69, 69, 69, 69, 69, 69, 69, 69, 69, 69, 69, 69, 69, 69, 69, 69, 69, 69, 69, 69, 69, 69, 69, 69, 69, 69, 69, 69, 69, 69, 69, 69, 69, 69, 69, 69, 69, 69, 69, 69, 69, 69, 69, 69, 69, 69, 69, 69, 69, 69, 69, 69, 69, 69, 69, 69, 69, 69, 69, 69, 69, 69, 69, 69, 69, 69, 69, 69, 69, 69, 69, 69, 69, 69, 69, 69, 69, 69, 69, 69, 69, 69, 69, 69, 69, 69, 69, 69, 69, 69, 69, 69, 69, 69, 69, 69, 69, 69, 69, 69, 69, 69, 69, 69, 69, 69, 69, 69, 69, 69, 69, 69, 69, 69, 69, 69, 69, 69, 69, 69, 69, 69, 69, 69, 69, 69, 69, 69, 69, 69, 69, 69, 69, 69, 69, 69, 69, 69, 69, 69, 69, 69, 69, 69, 69, 69, 69, 69, 69, 69, 69, 69, 69, 69, 69, 69, 69, 69, 69, 69, 69, 69, 69, 69, 69, 69, 69, 69, 69, 69, 69, 69, 69, 69, 69, 69, 69, 69, 69, 69, 69, 69, 69, 69, 69, 69, 69, 69, 69, 69, 69, 69, 69, 69, 69, 69, 69, 69, 69, 69, 69, 69, 69, 69, 69, 69, 69, 69, 69, 69, 69, 69, 69, 69, 69, 69, 69, 69, 69, 69, 69, 69, 69, 69, 69, 69, 69, 69, 69, 69, 69, 69, 69, 69, 69, 69, 69, 69, 69, 69, 69, 69, 69, 69, 69, 69, 69, 69, 69, 69, 69, 69, 69, 69, 69, 69, 69, 69, 69, 69, 69, 69, 69, 69, 69, 69, 69, 69, 69, 69, 69, 69, 69, 69, 69, 69, 69, 69, 69, 69, 69, 69, 69, 69, 69, 69, 69, 69, 69, 69, 69, 69, 69, 69, 69, 69, 69, 69, 69, 69, 69, 69, 69, 69, 69, 69, 69, 69, 69, 69, 69, 69, 69, 69, 69, 69, 69, 69, 69, 69, 69, 69, 69, 69, 69, 69, 69, 69, 69, 69, 69, 69, 69, 69, 69, 69, 69, 69, 69, 69, 69, 69, 69, 69, 69, 69, 69, 69, 69, 69, 69, 69, 69, 69, 69, 69, 69, 69, 69, 69, 69, 69, 69, 69, 69, 69, 69, 69, 69, 69, 69, 69, 69, 69, 69, 69, 69, 69, 69, 69, 69, 69, 69, 69, 69, 69, 69, 69, 69, 69, 69, 69, 69, 69, 69, 69, 69, 69, 69, 69, 69, 69, 69, 69, 69, 69, 69, 69, 69, 69, 69, 69, 69, 69, 69, 69, 69, 69, 69, 69, 69, 69, 69, 69, 69, 69, 69, 69, 69, 69, 69, 69, 69, 69, 69, 69, 69, 69, 69, 69, 69, 69, 69, 69, 69, 69, 69, 69, 69, 69, 69, 69, 69, 69, 69, 69, 69, 69, 69, 69, 69, 69, 69, 69, 69, 69, 69, 69, 69, 69, 69, 69, 69, 69, 69, 69, 69, 69, 69, 69, 69, 69, 69, 69, 69, 69, 69, 69, 69, 69, 69, 69, 69, 69, 69, 69, 69, 69, 69, 69, 69, 69, 69, 69, 69, 69, 69, 69, 69, 69, 69, 69, 69, 69, 69, 69, 69, 69, 69, 69, 69, 69, 69, 69, 69, 69, 69, 69, 69, 69, 69, 69, 69, 69, 69, 69, 69, 69, 69, 69, 69, 69, 69, 69, 69, 69, 69, 69, 69, 69, 69, 69, 69, 69, 69, 69, 69, 69, 69, 69, 69, 69, 69, 69, 69, 69, 69, 69, 69, 69, 69, 69, 69, 69, 69, 69, 69, 69, 69, 69, 69, 69, 69, 69, 69, 69, 69, 69, 69, 69, 69, 69, 69, 69, 69, 69, 69, 69, 69, 69, 69, 69, 69, 69, 69, 69, 69, 69, 69, 69, 69, 69, 69, 69, 69, 69, 69, 69, 69, 69, 69, 69, 69, 69, 69, 69, 69, 69, 69, 69, 69, 69, 69, 69, 69, 69, 69, 69, 69, 69, 69, 69, 69, 69, 69, 69, 69, 69, 69, 69, 69, 69, 69, 69, 69, 69, 69, 69, 69, 69, 69, 69, 69, 69, 69, 69, 69, 69, 69, 69, 69, 69, 69, 69, 69, 69, 69, 69, 69, 69, 69, 69, 69, 69, 69, 69, 69, 69, 69, 69, 69, 69, 69, 69, 69, 69, 69, 69, 69, 69, 69, 69, 69, 69, 69, 69, 69, 69, 69, 69, 69, 69, 69, 69, 69, 69, 69, 69, 69, 69, 69, 69, 69, 69, 69, 69, 69, 69, 69, 69, 69, 69, 69, 69, 69, 69, 69, 69, 69, 69, 69, 69, 69, 69, 69, 69, 69, 69, 69, 69, 69, 69, 69, 69, 69, 69, 69, 69, 69, 69, 69, 69, 69, 69, 69, 69, 69, 69, 69, 69, 69, 69, 69, 69, 69, 69, 69, 69, 69, 69, 69, 69, 69, 69, 69, 69, 69, 69, 69, 69, 69, 69, 69, 69, 69, 69, 69, 69, 69, 69, 69, 69, 69, 69, 69, 69, 69, 69, 69, 69, 69, 69, 69, 69, 69, 69, 69, 69, 69, 69, 69, 69, 69, 69, 69, 69, 69, 69, 69, 69, 69, 69, 69, 69, 69, 69, 69, 69, 69, 69, 69, 69, 69, 69, 69, 69, 69, 69, 69, 69, 69, 69, 69, 69, 69, 69, 69, 69, 69, 69, 69, 69, 69, 69, 69, 69, 69, 69, 69, 69, 69, 69, 69, 69, 69, 69, 69, 69, 69, 69, 69, 69, 69, 69, 69, 69, 69, 69, 69, 69, 69, 69, 69, 69, 69, 69, 69, 69, 69, 69, 69, 69, 69, 69, 69, 69, 69, 69, 69, 69, 69, 69, 69, 69, 69, 69, 69, 69, 69, 69, 69, 69, 69, 69, 69, 69, 69, 69, 69, 69, 69, 69, 69, 69, 69, 69, 69, 69, 69, 69, 69, 69, 69, 69, 69, 69, 69, 69, 69, 69, 69, 69, 69, 69, 69, 69, 69, 69, 69, 69, 69, 69, 69, 69, 69, 69, 69, 69, 69, 69, 69, 69, 69, 69, 69, 69, 69, 69, 69, 69, 69, 69, 69, 69, 69, 69, 69, 69, 69, 69, 69, 69, 69, 69, 69, 69, 69, 69, 69, 69, 69, 69, 69, 69, 69, 69, 69, 69, 69, 69, 69, 69, 69, 69, 69, 69, 69, 69, 69, 69, 69, 69, 69, 69, 69, 69, 69, 69, 69, 69, 69, 69, 69, 69, 69, 69, 69, 69, 69, 69, 69, 69, 69, 69, 69, 69, 69, 69, 69, 69, 69, 69, 69, 69, 69, 69, 69, 69, 69, 69, 69, 69, 69, 69, 69, 69, 69, 69, 69, 69, 69, 69, 69, 69, 69, 69, 69, 69, 69, 69, 69, 69, 69, 69, 69, 69, 69, 69, 69, 69, 69, 69, 69, 69, 69, 69, 69, 69, 69, 69, 69, 69, 69, 69, 69, 69, 69, 69, 69, 69, 69, 69, 69, 69, 69, 69, 69, 69, 69, 69, 69, 69, 69, 69, 69, 69, 69, 69, 69, 69, 69, 69, 69, 69, 69, 69, 69, 69, 69, 69, 69, 69, 69, 69, 69, 69, 69, 69, 69, 69, 69, 29, 0, 0, 0, 5, 0, 0, 0, 116, 99, 43, 142, 232, 127, 0, 0, 84, 0, 0, 0, 0, 0, 0, 0, 77, 0, 0, 0, 5, 0, 0, 0, 200, 99, 43, 142, 232, 127, 0, 0, 84, 0, 0, 0, 0, 0, 0, 0, 29, 0, 0, 0, 5, 0, 0, 0, 200, 99, 43, 142, 232, 127, 0, 0, 84, 0, 0, 0, 0, 0, 0, 0, 81, 0, 0, 0, 5, 0, 0, 0, 28, 100, 43, 142, 232, 127, 0, 0, 84, 0, 0, 0, 0, 0, 0, 0, 29, 0, 0, 0, 5, 0, 0, 0, 28, 100, 43, 142, 232, 127, 0, 0, 84, 0, 0, 0, 0, 0, 0, 0, 82, 0, 0, 0, 5, 0, 0, 0, 112, 100, 43, 142, 232, 127, 0, 0, 87, 0, 0, 0, 0, 0, 0, 0, 28, 0, 0, 0, 5, 0, 0, 0, 112, 100, 43, 142, 232, 127, 0, 0, 87, 0, 0, 0, 0, 0, 0, 0, 133, 0, 0, 0, 5, 0, 0, 0, 199, 100, 43, 142, 232, 127, 0, 0, 93, 0, 0, 0, 0, 0, 0, 0, 68, 0, 0, 0, 13, 0, 0, 0, 128, 12, 237, 141, 232, 127, 0, 0, 0, 0, 0, 0, 0, 0, 0, 0, 1, 0, 0, 0, 0, 0, 0, 0, 48, 12, 236, 141, 232, 127, 0, 0, 32, 7, 236, 141, 232, 127, 0, 0, 64, 12, 236, 141, 232, 127, 0, 0, 80, 12, 236, 141, 232, 127, 0, 0, 48, 7, 236, 141, 232, 127, 0, 0, 240, 7, 236, 141, 232, 127, 0, 0, 32, 10, 236, 141, 232, 127, 0, 0, 224, 10, 236, 141, 232, 127, 0, 0, 128, 12, 237, 141, 232, 127, 0, 0, 0, 0, 0, 0, 0, 0, 0, 0, 1, 0, 0, 0, 0, 0, 0, 0, 240, 67, 236, 141, 232, 127, 0, 0, 80, 62, 236, 141, 232, 127, 0, 0, 0, 68, 236, 141, 232, 127, 0, 0, 16, 68, 236, 141, 232, 127, 0, 0, 96, 62, 236, 141, 232, 127, 0, 0, 32, 63, 236, 141, 232, 127, 0, 0, 32, 65, 236, 141, 232, 127, 0, 0, 224, 65, 236, 141, 232, 127, 0, 0, 40, 101, 43, 142, 232, 127, 0, 0, 6, 0, 0, 0, 0, 0, 0, 0, 40, 101, 43, 142, 232, 127, 0, 0, 6, 0, 0, 0, 0, 0, 0, 0, 224, 9, 237, 141, 232, 127, 0, 0, 32, 10, 237, 141, 232, 127, 0, 0, 128, 12, 237, 141, 232, 127, 0, 0, 48, 0, 0, 0, 0, 0, 0, 0, 8, 0, 0, 0, 0, 0, 0, 0, 192, 84, 236, 141, 232, 127, 0, 0, 208, 84, 236, 141, 232, 127, 0, 0, 224, 84, 236, 141, 232, 127, 0, 0, 32, 85, 236, 141, 232, 127, 0, 0, 48, 72, 236, 141, 232, 127, 0, 0, 240, 72, 236, 141, 232, 127, 0, 0, 48, 78, 236, 141, 232, 127, 0, 0, 160, 82, 236, 141, 232, 127, 0, 0, 46, 101, 43, 142, 232, 127, 0, 0, 10, 0, 0, 0, 0, 0, 0, 0, 0, 0, 0, 0, 0, 0, 0, 0, 0, 0, 0, 0, 0, 0, 0, 0, 112, 19, 237, 141, 232, 127, 0, 0, 128, 19, 237, 141, 232, 127, 0, 0, 56, 101, 43, 142, 232, 127, 0, 0, 10, 0, 0, 0, 0, 0, 0, 0, 56, 101, 43, 142, 232, 127, 0, 0, 10, 0, 0, 0, 0, 0, 0, 0, 128, 251, 236, 141, 232, 127, 0, 0, 192, 251, 236, 141, 232, 127, 0, 0, 66, 101, 43, 142, 232, 127, 0, 0, 10, 0, 0, 0, 0, 0, 0, 0, 66, 101, 43, 142, 232, 127, 0, 0, 10, 0, 0, 0, 0, 0, 0, 0, 32, 252, 236, 141, 232, 127, 0, 0, 96, 252, 236, 141, 232, 127, 0, 0, 76, 101, 43, 142, 232, 127, 0, 0, 10, 0, 0, 0, 0, 0, 0, 0, 76, 101, 43, 142, 232, 127, 0, 0, 10, 0, 0, 0, 0, 0, 0, 0, 192, 252, 236, 141, 232, 127, 0, 0, 0, 253, 236, 141, 232, 127, 0, 0, 86, 101, 43, 142, 232, 127, 0, 0, 10, 0, 0, 0, 0, 0, 0, 0, 86, 101, 43, 142, 232, 127, 0, 0, 10, 0, 0, 0, 0, 0, 0, 0, 96, 253, 236, 141, 232, 127, 0, 0, 160, 253, 236, 141, 232, 127, 0, 0, 96, 101, 43, 142, 232, 127, 0, 0, 10, 0, 0, 0, 0, 0, 0, 0, 96, 101, 43, 142, 232, 127, 0, 0, 10, 0, 0, 0, 0, 0, 0, 0, 0, 254, 236, 141, 232, 127, 0, 0, 64, 254, 236, 141, 232, 127, 0, 0, 106, 101, 43, 142, 232, 127, 0, 0, 10, 0, 0, 0, 0, 0, 0, 0, 106, 101, 43, 142, 232, 127, 0, 0, 10, 0, 0, 0, 0, 0, 0, 0, 160, 254, 236, 141, 232, 127, 0, 0, 224, 254, 236, 141, 232, 127, 0, 0, 116, 101, 43, 142, 232, 127, 0, 0, 10, 0, 0, 0, 0, 0, 0, 0, 116, 101, 43, 142, 232, 127, 0, 0, 10, 0, 0, 0, 0, 0, 0, 0, 64, 255, 236, 141, 232, 127, 0, 0, 128, 255, 236, 141, 232, 127, 0, 0, 126, 101, 43, 142, 232, 127, 0, 0, 11, 0, 0, 0, 0, 0, 0, 0, 126, 101, 43, 142, 232, 127, 0, 0, 11, 0, 0, 0, 0, 0, 0, 0, 224, 255, 236, 141, 232, 127, 0, 0, 32, 0, 237, 141, 232, 127, 0, 0, 137, 101, 43, 142, 232, 127, 0, 0, 11, 0, 0, 0, 0, 0, 0, 0, 137, 101, 43, 142, 232, 127, 0, 0, 11, 0, 0, 0, 0, 0, 0, 0, 128, 0, 237, 141, 232, 127, 0, 0, 192, 0, 237, 141, 232, 127, 0, 0, 148, 101, 43, 142, 232, 127, 0, 0, 11, 0, 0, 0, 0, 0, 0, 0, 148, 101, 43, 142, 232, 127, 0, 0, 11, 0, 0, 0, 0, 0, 0, 0, 32, 1, 237, 141, 232, 127, 0, 0, 96, 1, 237, 141, 232, 127, 0, 0, 159, 101, 43, 142, 232, 127, 0, 0, 11, 0, 0, 0, 0, 0, 0, 0, 159, 101, 43, 142, 232, 127, 0, 0, 11, 0, 0, 0, 0, 0, 0, 0, 192, 1, 237, 141, 232, 127, 0, 0, 0, 2, 237, 141, 232, 127, 0, 0, 170, 101, 43, 142, 232, 127, 0, 0, 11, 0, 0, 0, 0, 0, 0, 0, 170, 101, 43, 142, 232, 127, 0, 0, 11, 0, 0, 0, 0, 0, 0, 0, 96, 2, 237, 141, 232, 127, 0, 0, 160, 2, 237, 141, 232, 127, 0, 0, 181, 101, 43, 142, 232, 127, 0, 0, 6, 0, 0, 0, 0, 0, 0, 0, 181, 101, 43, 142, 232, 127, 0, 0, 6, 0, 0, 0, 0, 0, 0, 0, 128, 10, 237, 141, 232, 127, 0, 0, 192, 10, 237, 141, 232, 127, 0, 0, 187, 101, 43, 142, 232, 127, 0, 0, 6, 0, 0, 0, 0, 0, 0, 0, 187, 101, 43, 142, 232, 127, 0, 0, 6, 0, 0, 0, 0, 0, 0, 0, 32, 11, 237, 141, 232, 127, 0, 0, 96, 11, 237, 141, 232, 127, 0, 0, 193, 101, 43, 142, 232, 127, 0, 0, 9, 0, 0, 0, 0, 0, 0, 0, 202, 101, 43, 142, 232, 127, 0, 0, 9, 0, 0, 0, 0, 0, 0, 0, 192, 11, 237, 141, 232, 127, 0, 0, 0, 12, 237, 141, 232, 127, 0, 0, 211, 101, 43, 142, 232, 127, 0, 0, 11, 0, 0, 0, 0, 0, 0, 0, 211, 101, 43, 142, 232, 127, 0, 0, 11, 0, 0, 0, 0, 0, 0, 0, 0, 3, 237, 141, 232, 127, 0, 0, 64, 3, 237, 141, 232, 127, 0, 0, 222, 101, 43, 142, 232, 127, 0, 0, 12, 0, 0, 0, 0, 0, 0, 0, 222, 101, 43, 142, 232, 127, 0, 0, 12, 0, 0, 0, 0, 0, 0, 0, 160, 3, 237, 141, 232, 127, 0, 0, 224, 3, 237, 141, 232, 127, 0, 0, 234, 101, 43, 142, 232, 127, 0, 0, 12, 0, 0, 0, 0, 0, 0, 0, 234, 101, 43, 142, 232, 127, 0, 0, 12, 0, 0, 0, 0, 0, 0, 0, 64, 4, 237, 141, 232, 127, 0, 0, 128, 4, 237, 141, 232, 127, 0, 0, 246, 101, 43, 142, 232, 127, 0, 0, 12, 0, 0, 0, 0, 0, 0, 0, 246, 101, 43, 142, 232, 127, 0, 0, 12, 0, 0, 0, 0, 0, 0, 0, 224, 4, 237, 141, 232, 127, 0, 0, 32, 5, 237, 141, 232, 127, 0, 0, 2, 102, 43, 142, 232, 127, 0, 0, 12, 0, 0, 0, 0, 0, 0, 0, 2, 102, 43, 142, 232, 127, 0, 0, 12, 0, 0, 0, 0, 0, 0, 0, 128, 5, 237, 141, 232, 127, 0, 0, 192, 5, 237, 141, 232, 127, 0, 0, 14, 102, 43, 142, 232, 127, 0, 0, 12, 0, 0, 0, 0, 0, 0, 0, 14, 102, 43, 142, 232, 127, 0, 0, 12, 0, 0, 0, 0, 0, 0, 0, 32, 6, 237, 141, 232, 127, 0, 0, 96, 6, 237, 141, 232, 127, 0, 0, 26, 102, 43, 142, 232, 127, 0, 0, 12, 0, 0, 0, 0, 0, 0, 0, 26, 102, 43, 142, 232, 127, 0, 0, 12, 0, 0, 0, 0, 0, 0, 0, 192, 6, 237, 141, 232, 127, 0, 0, 0, 7, 237, 141, 232, 127, 0, 0, 38, 102, 43, 142, 232, 127, 0, 0, 12, 0, 0, 0, 0, 0, 0, 0, 38, 102, 43, 142, 232, 127, 0, 0, 12, 0, 0, 0, 0, 0, 0, 0, 96, 7, 237, 141, 232, 127, 0, 0, 160, 7, 237, 141, 232, 127, 0, 0, 50, 102, 43, 142, 232, 127, 0, 0, 12, 0, 0, 0, 0, 0, 0, 0, 50, 102, 43, 142, 232, 127, 0, 0, 12, 0, 0, 0, 0, 0, 0, 0, 0, 8, 237, 141, 232, 127, 0, 0, 64, 8, 237, 141, 232, 127, 0, 0, 62, 102, 43, 142, 232, 127, 0, 0, 12, 0, 0, 0, 0, 0, 0, 0, 62, 102, 43, 142, 232, 127, 0, 0, 12, 0, 0, 0, 0, 0, 0, 0, 160, 8, 237, 141, 232, 127, 0, 0, 224, 8, 237, 141, 232, 127, 0, 0, 74, 102, 43, 142, 232, 127, 0, 0, 12, 0, 0, 0, 0, 0, 0, 0, 86, 102, 43, 142, 232, 127, 0, 0, 14, 0, 0, 0, 0, 0, 0, 0, 64, 9, 237, 141, 232, 127, 0, 0, 128, 9, 237, 141, 232, 127, 0, 0, 128, 12, 237, 141, 232, 127, 0, 0, 0, 0, 0, 0, 0, 0, 0, 0, 1, 0, 0, 0, 0, 0, 0, 0, 112, 26, 236, 141, 232, 127, 0, 0, 112, 26, 236, 141, 232, 127, 0, 0, 128, 26, 236, 141, 232, 127, 0, 0, 144, 26, 236, 141, 232, 127, 0, 0, 32, 19, 236, 141, 232, 127, 0, 0, 0, 22, 236, 141, 232, 127, 0, 0, 176, 22, 236, 141, 232, 127, 0, 0, 112, 23, 236, 141, 232, 127, 0, 0, 128, 12, 237, 141, 232, 127, 0, 0, 0, 0, 0, 0, 0, 0, 0, 0, 1, 0, 0, 0, 0, 0, 0, 0, 0, 251, 235, 141, 232, 127, 0, 0, 0, 251, 235, 141, 232, 127, 0, 0, 16, 251, 235, 141, 232, 127, 0, 0, 112, 251, 235, 141, 232, 127, 0, 0, 80, 238, 235, 141, 232, 127, 0, 0, 16, 239, 235, 141, 232, 127, 0, 0, 208, 243, 235, 141, 232, 127, 0, 0, 112, 247, 235, 141, 232, 127, 0, 0, 128, 12, 237, 141, 232, 127, 0, 0, 0, 0, 0, 0, 0, 0, 0, 0, 1, 0, 0, 0, 0, 0, 0, 0, 240, 250, 235, 141, 232, 127, 0, 0, 240, 250, 235, 141, 232, 127, 0, 0, 32, 251, 235, 141, 232, 127, 0, 0, 48, 251, 235, 141, 232, 127, 0, 0, 144, 237, 235, 141, 232, 127, 0, 0, 16, 241, 235, 141, 232, 127, 0, 0, 16, 243, 235, 141, 232, 127, 0, 0, 144, 244, 235, 141, 232, 127, 0, 0, 128, 12, 237, 141, 232, 127, 0, 0, 0, 0, 0, 0, 0, 0, 0, 0, 1, 0, 0, 0, 0, 0, 0, 0, 96, 178, 236, 141, 232, 127, 0, 0, 112, 178, 236, 141, 232, 127, 0, 0, 128, 178, 236, 141, 232, 127, 0, 0, 144, 178, 236, 141, 232, 127, 0, 0, 240, 171, 236, 141, 232, 127, 0, 0, 176, 172, 236, 141, 232, 127, 0, 0, 176, 174, 236, 141, 232, 127, 0, 0, 112, 175, 236, 141, 232, 127, 0, 0, 128, 12, 237, 141, 232, 127, 0, 0, 0, 0, 0, 0, 0, 0, 0, 0, 1, 0, 0, 0, 0, 0, 0, 0, 64, 143, 236, 141, 232, 127, 0, 0, 64, 143, 236, 141, 232, 127, 0, 0, 80, 143, 236, 141, 232, 127, 0, 0, 96, 143, 236, 141, 232, 127, 0, 0, 0, 123, 236, 141, 232, 127, 0, 0, 64, 125, 236, 141, 232, 127, 0, 0, 16, 133, 236, 141, 232, 127, 0, 0, 80, 140, 236, 141, 232, 127, 0, 0, 128, 12, 237, 141, 232, 127, 0, 0, 0, 0, 0, 0, 0, 0, 0, 0, 1, 0, 0, 0, 0, 0, 0, 0, 64, 147, 236, 141, 232, 127, 0, 0, 80, 147, 236, 141, 232, 127, 0, 0, 96, 147, 236, 141, 232, 127, 0, 0, 112, 147, 236, 141, 232, 127, 0, 0, 192, 123, 236, 141, 232, 127, 0, 0, 144, 129, 236, 141, 232, 127, 0, 0, 144, 131, 236, 141, 232, 127, 0, 0, 96, 137, 236, 141, 232, 127, 0, 0, 128, 12, 237, 141, 232, 127, 0, 0, 0, 0, 0, 0, 0, 0, 0, 0, 1, 0, 0, 0, 0, 0, 0, 0, 96, 151, 236, 141, 232, 127, 0, 0, 96, 151, 236, 141, 232, 127, 0, 0, 112, 151, 236, 141, 232, 127, 0, 0, 176, 151, 236, 141, 232, 127, 0, 0, 128, 124, 236, 141, 232, 127, 0, 0, 64, 127, 236, 141, 232, 127, 0, 0, 80, 132, 236, 141, 232, 127, 0, 0, 208, 133, 236, 141, 232, 127, 0, 0, 128, 12, 237, 141, 232, 127, 0, 0, 0, 0, 0, 0, 0, 0, 0, 0, 1, 0, 0, 0, 0, 0, 0, 0, 96, 109, 236, 141, 232, 127, 0, 0, 96, 109, 236, 141, 232, 127, 0, 0, 128, 109, 236, 141, 232, 127, 0, 0, 144, 109, 236, 141, 232, 127, 0, 0, 176, 94, 236, 141, 232, 127, 0, 0, 112, 95, 236, 141, 232, 127, 0, 0, 192, 101, 236, 141, 232, 127, 0, 0, 64, 103, 236, 141, 232, 127, 0, 0, 128, 12, 237, 141, 232, 127, 0, 0, 0, 0, 0, 0, 0, 0, 0, 0, 1, 0, 0, 0, 0, 0, 0, 0, 80, 109, 236, 141, 232, 127, 0, 0, 80, 109, 236, 141, 232, 127, 0, 0, 112, 109, 236, 141, 232, 127, 0, 0, 144, 109, 236, 141, 232, 127, 0, 0, 48, 93, 236, 141, 232, 127, 0, 0, 192, 99, 236, 141, 232, 127, 0, 0, 192, 101, 236, 141, 232, 127, 0, 0, 64, 103, 236, 141, 232, 127, 0, 0, 128, 12, 237, 141, 232, 127, 0, 0, 0, 0, 0, 0, 0, 0, 0, 0, 1, 0, 0, 0, 0, 0, 0, 0, 224, 116, 236, 141, 232, 127, 0, 0, 240, 116, 236, 141, 232, 127, 0, 0, 0, 117, 236, 141, 232, 127, 0, 0, 64, 117, 236, 141, 232, 127, 0, 0, 240, 93, 236, 141, 232, 127, 0, 0, 112, 97, 236, 141, 232, 127, 0, 0, 128, 102, 236, 141, 232, 127, 0, 0, 32, 106, 236, 141, 232, 127, 0, 0, 128, 12, 237, 141, 232, 127, 0, 0, 0, 0, 0, 0, 0, 0, 0, 0, 1, 0, 0, 0, 0, 0, 0, 0, 192, 88, 236, 141, 232, 127, 0, 0, 208, 88, 236, 141, 232, 127, 0, 0, 224, 88, 236, 141, 232, 127, 0, 0, 240, 88, 236, 141, 232, 127, 0, 0, 112, 71, 236, 141, 232, 127, 0, 0, 48, 76, 236, 141, 232, 127, 0, 0, 240, 78, 236, 141, 232, 127, 0, 0, 176, 79, 236, 141, 232, 127, 0, 0, 100, 102, 43, 142, 232, 127, 0, 0, 17, 0, 0, 0, 0, 0, 0, 0, 117, 102, 43, 142, 232, 127, 0, 0, 14, 0, 0, 0, 0, 0, 0, 0, 160, 19, 237, 141, 232, 127, 0, 0, 176, 19, 237, 141, 232, 127, 0, 0, 131, 102, 43, 142, 232, 127, 0, 0, 12, 0, 0, 0, 0, 0, 0, 0, 131, 102, 43, 142, 232, 127, 0, 0, 12, 0, 0, 0, 0, 0, 0, 0, 64, 255, 236, 141, 232, 127, 0, 0, 128, 255, 236, 141, 232, 127, 0, 0, 128, 12, 237, 141, 232, 127, 0, 0, 0, 0, 0, 0, 0, 0, 0, 0, 1, 0, 0, 0, 0, 0, 0, 0, 192, 40, 236, 141, 232, 127, 0, 0, 208, 40, 236, 141, 232, 127, 0, 0, 224, 40, 236, 141, 232, 127, 0, 0, 240, 40, 236, 141, 232, 127, 0, 0, 208, 32, 236, 141, 232, 127, 0, 0, 144, 33, 236, 141, 232, 127, 0, 0, 192, 36, 236, 141, 232, 127, 0, 0, 128, 37, 236, 141, 232, 127, 0, 0, 40, 101, 43, 142, 232, 127, 0, 0, 200, 80, 90, 142, 232, 127, 0, 0, 40, 101, 43, 142, 232, 127, 0, 0, 32, 81, 90, 142, 232, 127, 0, 0, 120, 81, 90, 142, 232, 127, 0, 0, 168, 81, 90, 142, 232, 127, 0, 0, 0, 82, 90, 142, 232, 127, 0, 0, 168, 81, 90, 142, 232, 127, 0, 0, 48, 82, 90, 142, 232, 127, 0, 0, 168, 81, 90, 142, 232, 127, 0, 0, 96, 82, 90, 142, 232, 127, 0, 0, 168, 81, 90, 142, 232, 127, 0, 0, 144, 82, 90, 142, 232, 127, 0, 0, 168, 81, 90, 142, 232, 127, 0, 0, 192, 82, 90, 142, 232, 127, 0, 0, 168, 81, 90, 142, 232, 127, 0, 0, 240, 82, 90, 142, 232, 127, 0, 0, 168, 81, 90, 142, 232, 127, 0, 0, 32, 83, 90, 142, 232, 127, 0, 0, 168, 81, 90, 142, 232, 127, 0, 0, 80, 83, 90, 142, 232, 127, 0, 0, 168, 81, 90, 142, 232, 127, 0, 0, 128, 83, 90, 142, 232, 127, 0, 0, 168, 81, 90, 142, 232, 127, 0, 0, 176, 83, 90, 142, 232, 127, 0, 0, 168, 81, 90, 142, 232, 127, 0, 0, 224, 83, 90, 142, 232, 127, 0, 0, 168, 81, 90, 142, 232, 127, 0, 0, 16, 84, 90, 142, 232, 127, 0, 0, 168, 81, 90, 142, 232, 127, 0, 0, 64, 84, 90, 142, 232, 127, 0, 0, 168, 81, 90, 142, 232, 127, 0, 0, 112, 84, 90, 142, 232, 127, 0, 0, 168, 81, 90, 142, 232, 127, 0, 0, 160, 84, 90, 142, 232, 127, 0, 0, 168, 81, 90, 142, 232, 127, 0, 0, 208, 84, 90, 142, 232, 127, 0, 0, 168, 81, 90, 142, 232, 127, 0, 0, 0, 85, 90, 142, 232, 127, 0, 0, 168, 81, 90, 142, 232, 127, 0, 0, 48, 85, 90, 142, 232, 127, 0, 0, 168, 81, 90, 142, 232, 127, 0, 0, 96, 85, 90, 142, 232, 127, 0, 0, 168, 81, 90, 142, 232, 127, 0, 0, 144, 85, 90, 142, 232, 127, 0, 0, 168, 81, 90, 142, 232, 127, 0, 0, 192, 85, 90, 142, 232, 127, 0, 0, 168, 81, 90, 142, 232, 127, 0, 0, 240, 85, 90, 142, 232, 127, 0, 0, 168, 81, 90, 142, 232, 127, 0, 0, 32, 86, 90, 142, 232, 127, 0, 0, 168, 81, 90, 142, 232, 127, 0, 0, 80, 86, 90, 142, 232, 127, 0, 0, 168, 81, 90, 142, 232, 127, 0, 0, 128, 86, 90, 142, 232, 127, 0, 0, 168, 81, 90, 142, 232, 127, 0, 0, 176, 86, 90, 142, 232, 127, 0, 0, 168, 81, 90, 142, 232, 127, 0, 0, 224, 86, 90, 142, 232, 127, 0, 0, 168, 81, 90, 142, 232, 127, 0, 0, 40, 101, 43, 142, 232, 127, 0, 0, 16, 87, 90, 142, 232, 127, 0, 0, 40, 101, 43, 142, 232, 127, 0, 0, 104, 87, 90, 142, 232, 127, 0, 0, 40, 101, 43, 142, 232, 127, 0, 0, 192, 87, 90, 142, 232, 127, 0, 0, 40, 101, 43, 142, 232, 127, 0, 0, 24, 88, 90, 142, 232, 127, 0, 0, 40, 101, 43, 142, 232, 127, 0, 0, 112, 88, 90, 142, 232, 127, 0, 0, 40, 101, 43, 142, 232, 127, 0, 0, 200, 88, 90, 142, 232, 127, 0, 0, 40, 101, 43, 142, 232, 127, 0, 0, 32, 89, 90, 142, 232, 127, 0, 0, 40, 101, 43, 142, 232, 127, 0, 0, 120, 89, 90, 142, 232, 127, 0, 0, 40, 101, 43, 142, 232, 127, 0, 0, 208, 89, 90, 142, 232, 127, 0, 0, 40, 101, 43, 142, 232, 127, 0, 0, 40, 90, 90, 142, 232, 127, 0, 0, 40, 101, 43, 142, 232, 127, 0, 0, 128, 90, 90, 142, 232, 127, 0, 0, 216, 90, 90, 142, 232, 127, 0, 0, 168, 81, 90, 142, 232, 127, 0, 0, 8, 91, 90, 142, 232, 127, 0, 0, 168, 81, 90, 142, 232, 127, 0, 0, 40, 101, 43, 142, 232, 127, 0, 0, 56, 91, 90, 142, 232, 127, 0, 0, 144, 102, 43, 142, 232, 127, 0, 0, 152, 73, 0, 0, 0, 0, 0, 0, 192, 249, 43, 142, 232, 127, 0, 0, 77, 2, 0, 0, 0, 0, 0, 0, 244, 2, 44, 142, 232, 127, 0, 0, 144, 169, 0, 0, 0, 0, 0, 0, 20, 86, 45, 142, 232, 127, 0, 0, 158, 47, 0, 0, 0, 0, 0, 0, 80, 181, 45, 142, 232, 127, 0, 0, 132, 93, 0, 0, 0, 0, 0, 0, 88, 112, 46, 142, 232, 127, 0, 0, 192, 103, 0, 0, 0, 0, 0, 0, 216, 63, 47, 142, 232, 127, 0, 0, 0, 8, 0, 0, 0, 0, 0, 0, 216, 79, 47, 142, 232, 127, 0, 0, 208, 0, 0, 0, 0, 0, 0, 0, 24, 83, 47, 142, 232, 127, 0, 0, 208, 0, 0, 0, 0, 0, 0, 0, 88, 86, 47, 142, 232, 127, 0, 0, 191, 27, 0, 0, 0, 0, 0, 0, 214, 141, 47, 142, 232, 127, 0, 0, 192, 83, 0, 0, 0, 0, 0, 0, 86, 53, 48, 142, 232, 127, 0, 0, 254, 3, 0, 0, 0, 0, 0, 0, 82, 61, 48, 142, 232, 127, 0, 0, 96, 43, 0, 0, 0, 0, 0, 0, 18, 148, 48, 142, 232, 127, 0, 0, 0, 86, 0, 0, 0, 0, 0, 0, 18, 64, 49, 142, 232, 127, 0, 0, 0, 8, 0, 0, 0, 0, 0, 0, 18, 80, 49, 142, 232, 127, 0, 0, 52, 2, 0, 0, 0, 0, 0, 0, 122, 84, 49, 142, 232, 127, 0, 0, 198, 92, 0, 0, 0, 0, 0, 0, 6, 14, 50, 142, 232, 127, 0, 0, 96, 131, 0, 0, 0, 0, 0, 0, 198, 20, 51, 142, 232, 127, 0, 0, 0, 8, 0, 0, 0, 0, 0, 0, 198, 36, 51, 142, 232, 127, 0, 0, 128, 0, 0, 0, 0, 0, 0, 0, 198, 37, 51, 142, 232, 127, 0, 0, 64, 2, 0, 0, 0, 0, 0, 0, 6, 40, 51, 142, 232, 127, 0, 0, 133, 0, 0, 0, 0, 0, 0, 0, 16, 41, 51, 142, 232, 127, 0, 0, 128, 0, 0, 0, 0, 0, 0, 0, 16, 42, 51, 142, 232, 127, 0, 0, 224, 1, 0, 0, 0, 0, 0, 0, 240, 43, 51, 142, 232, 127, 0, 0, 10, 1, 0, 0, 0, 0, 0, 0, 4, 46, 51, 142, 232, 127, 0, 0, 128, 0, 0, 0, 0, 0, 0, 0, 4, 47, 51, 142, 232, 127, 0, 0, 64, 1, 0, 0, 0, 0, 0, 0]